"company","fiscal_year","quarter_num","revenue_cr","headcount","prev_quarter_revenue","revenue_qoq_growth_pct","prev_quarter_headcount","headcount_qoq_growth_pct"
"HCLTech",2022,1,20068,176499,NULL,NULL,NULL,NULL
"HCLTech",2022,2,20655,187634,20068,2.93,176499,6.31
"HCLTech",2022,3,22331,197777,20655,8.11,187634,5.41
"HCLTech",2022,4,22597,208877,22331,1.19,197777,5.61
"HCLTech",2023,1,23464,210966,22597,3.84,208877,1.00
"HCLTech",2023,2,24686,219325,23464,5.21,210966,3.96
"HCLTech",2023,3,26700,222270,24686,8.16,219325,1.34
"HCLTech",2023,4,26606,225944,26700,-0.35,222270,1.65
"HCLTech",2024,1,26296,223438,26606,-1.17,225944,-1.11
"HCLTech",2024,2,26672,221139,26296,1.43,223438,-1.03
"HCLTech",2024,3,28446,224756,26672,6.65,221139,1.64
"HCLTech",2024,4,28499,227481,28446,0.19,224756,1.21
"HCLTech",2025,1,28057,219401,28499,-1.55,227481,-3.55
"HCLTech",2025,2,28862,218621,28057,2.87,219401,-0.36
"HCLTech",2025,3,29890,220755,28862,3.56,218621,0.98
"HCLTech",2025,4,30246,223420,29890,1.19,220755,1.21
"HCLTech",2026,1,30349,223151,30246,0.34,223420,-0.12
"HCLTech",2026,2,31942,226640,30349,5.25,223151,1.56
"HCLTech",2026,3,33872,226379,31942,6.04,226640,-0.12
"HCLTech",2026,4,33981,227181,33872,0.32,226379,0.35
"HCLTech",2027,1,34579,223889,33981,1.76,227181,-1.45
"Infosys",2022,1,27896,267953,NULL,NULL,NULL,NULL
"Infosys",2022,2,29602,279617,27896,6.12,267953,4.35
"Infosys",2022,3,31867,292067,29602,7.65,279617,4.45
"Infosys",2022,4,32276,314015,31867,1.28,292067,7.51
"Infosys",2023,1,34470,335186,32276,6.80,314015,6.74
"Infosys",2023,2,36538,345218,34470,6.00,335186,2.99
"Infosys",2023,3,38318,346845,36538,4.87,345218,0.47
"Infosys",2023,4,37441,343234,38318,-2.29,346845,-1.04
"Infosys",2024,1,37933,336294,37441,1.31,343234,-2.02
"Infosys",2024,2,38994,328764,37933,2.80,336294,-2.24
"Infosys",2024,3,38821,322663,38994,-0.44,328764,-1.86
"Infosys",2024,4,37923,317240,38821,-2.31,322663,-1.68
"Infosys",2025,1,39315,315332,37923,3.67,317240,-0.60
"Infosys",2025,2,40986,317788,39315,4.25,315332,0.78
"Infosys",2025,3,41764,323379,40986,1.90,317788,1.76
"Infosys",2025,4,40925,323578,41764,-2.01,323379,0.06
"Infosys",2026,1,42279,323788,40925,3.31,323578,0.06
"Infosys",2026,2,44490,331991,42279,5.23,323788,2.53
"Infosys",2026,3,45479,337034,44490,2.22,331991,1.52
"Infosys",2026,4,46402,328594,45479,2.03,337034,-2.50
"Infosys",2027,1,48211,328062,46402,3.90,328594,-0.16
"TCS",2022,1,45411,509058,NULL,NULL,NULL,NULL
"TCS",2022,2,46867,528748,45411,3.21,509058,3.87
"TCS",2022,3,48885,556986,46867,4.31,528748,5.34
"TCS",2022,4,50591,592195,48885,3.49,556986,6.32
"TCS",2023,1,52758,606331,50591,4.28,592195,2.39
"TCS",2023,2,55309,616171,52758,4.84,606331,1.62
"TCS",2023,3,58229,613974,55309,5.28,616171,-0.36
"TCS",2023,4,59162,614795,58229,1.60,613974,0.13
"TCS",2024,1,59381,615318,59162,0.37,614795,0.09
"TCS",2024,2,59692,608985,59381,0.52,615318,-1.03
"TCS",2024,3,60583,603305,59692,1.49,608985,-0.93
"TCS",2024,4,61237,601546,60583,1.08,603305,-0.29
"TCS",2025,1,62613,606998,61237,2.25,601546,0.91
"TCS",2025,2,64259,612724,62613,2.63,606998,0.94
"TCS",2025,3,63973,607354,64259,-0.45,612724,-0.88
"TCS",2025,4,64479,607979,63973,0.79,607354,0.10
"TCS",2026,1,63437,613069,64479,-1.62,607979,0.84
"TCS",2026,2,65799,593314,63437,3.72,613069,-3.22
"TCS",2026,3,67087,582163,65799,1.96,593314,-1.88
"TCS",2026,4,70698,584519,67087,5.38,582163,0.40
"TCS",2027,1,72275,593798,70698,2.23,584519,1.59
"Wipro",2022,1,18252,209890,NULL,NULL,NULL,NULL
"Wipro",2022,2,19667,221365,18252,7.75,209890,5.47
"Wipro",2022,3,20313,231671,19667,3.28,221365,4.66
"Wipro",2022,4,20860,243128,20313,2.69,231671,4.95
"Wipro",2023,1,21528,258574,20860,3.20,243128,6.35
"Wipro",2023,2,25539,259179,21528,18.63,258574,0.23
"Wipro",2023,3,23229,258744,25539,-9.04,259179,-0.17
"Wipro",2023,4,23190,256921,23229,-0.17,258744,-0.70
"Wipro",2024,1,22831,249758,23190,-1.55,256921,-2.79
"Wipro",2024,2,22515,244707,22831,-1.38,249758,-2.02
"Wipro",2024,3,22205,240234,22515,-1.38,244707,-1.83
"Wipro",2024,4,22208,234054,22205,0.01,240234,-2.57
"Wipro",2025,1,21964,234391,22208,-1.10,234054,0.14
"Wipro",2025,2,22301,233889,21964,1.53,234391,-0.21
"Wipro",2025,3,22319,232732,22301,0.08,233889,-0.49
"Wipro",2025,4,22504,233346,22319,0.83,232732,0.26
"Wipro",2026,1,22134,233232,22504,-1.64,233346,-0.05
"Wipro",2026,2,22697,235492,22134,2.54,233232,0.97
"Wipro",2026,3,23556,242021,22697,3.78,235492,2.77
"Wipro",2026,4,24236,242156,23556,2.89,242021,0.06
"Wipro",2027,1,24478,243044,24236,1.00,242156,0.37
