"company","fiscal_year","quarter_num","ebit_margin_pct","margin_change_pp","headcount_change_pct","revenue_change_pct"
"HCLTech",2022,1,19.60,NULL,NULL,NULL
"HCLTech",2022,2,19.00,-0.60,6.31,2.93
"HCLTech",2022,3,19.00,0.00,5.41,8.11
"HCLTech",2022,4,17.90,-1.10,5.61,1.19
"HCLTech",2023,1,17.00,-0.90,1.00,3.84
"HCLTech",2023,2,18.00,1.00,3.96,5.21
"HCLTech",2023,3,19.60,1.60,1.34,8.16
"HCLTech",2023,4,18.10,-1.50,1.65,-0.35
"HCLTech",2024,1,17.00,-1.10,-1.11,-1.17
"HCLTech",2024,2,18.50,1.50,-1.03,1.43
"HCLTech",2024,3,19.80,1.30,1.64,6.65
"HCLTech",2024,4,17.60,-2.20,1.21,0.19
"HCLTech",2025,1,17.10,-0.50,-3.55,-1.55
"HCLTech",2025,2,18.60,1.50,-0.36,2.87
"HCLTech",2025,3,19.50,0.90,0.98,3.56
"HCLTech",2025,4,18.00,-1.50,1.21,1.19
"HCLTech",2026,1,16.30,-1.70,-0.12,0.34
"HCLTech",2026,2,17.40,1.10,1.56,5.25
"HCLTech",2026,3,18.60,1.20,-0.12,6.04
"HCLTech",2026,4,16.50,-2.10,0.35,0.32
"HCLTech",2027,1,16.90,0.40,-1.45,1.76
"Infosys",2022,1,23.70,NULL,NULL,NULL
"Infosys",2022,2,23.60,-0.10,4.35,6.12
"Infosys",2022,3,23.50,-0.10,4.45,7.65
"Infosys",2022,4,21.50,-2.00,7.51,1.28
"Infosys",2023,1,20.10,-1.40,6.74,6.80
"Infosys",2023,2,21.50,1.40,2.99,6.00
"Infosys",2023,3,21.50,0.00,0.47,4.87
"Infosys",2023,4,21.00,-0.50,-1.04,-2.29
"Infosys",2024,1,20.80,-0.20,-2.02,1.31
"Infosys",2024,2,21.20,0.40,-2.24,2.80
"Infosys",2024,3,20.50,-0.70,-1.86,-0.44
"Infosys",2024,4,20.10,-0.40,-1.68,-2.31
"Infosys",2025,1,21.10,1.00,-0.60,3.67
"Infosys",2025,2,21.10,0.00,0.78,4.25
"Infosys",2025,3,21.30,0.20,1.76,1.90
"Infosys",2025,4,21.00,-0.30,0.06,-2.01
"Infosys",2026,1,20.80,-0.20,0.06,3.31
"Infosys",2026,2,21.00,0.20,2.53,5.23
"Infosys",2026,3,18.40,-2.60,1.52,2.22
"Infosys",2026,4,21.00,2.60,-2.50,2.03
"Infosys",2027,1,21.10,0.10,-0.16,3.90
"TCS",2022,1,25.50,NULL,NULL,NULL
"TCS",2022,2,25.60,0.10,3.87,3.21
"TCS",2022,3,25.00,-0.60,5.34,4.31
"TCS",2022,4,25.00,0.00,6.32,3.49
"TCS",2023,1,23.10,-1.90,2.39,4.28
"TCS",2023,2,24.00,0.90,1.62,4.84
"TCS",2023,3,24.50,0.50,-0.36,5.28
"TCS",2023,4,24.50,0.00,0.13,1.60
"TCS",2024,1,23.20,-1.30,0.09,0.37
"TCS",2024,2,24.30,1.10,-1.03,0.52
"TCS",2024,3,25.00,0.70,-0.93,1.49
"TCS",2024,4,26.00,1.00,-0.29,1.08
"TCS",2025,1,24.70,-1.30,0.91,2.25
"TCS",2025,2,24.10,-0.60,0.94,2.63
"TCS",2025,3,24.50,0.40,-0.88,-0.45
"TCS",2025,4,24.20,-0.30,0.10,0.79
"TCS",2026,1,24.50,0.30,0.84,-1.62
"TCS",2026,2,25.20,0.70,-3.22,3.72
"TCS",2026,3,25.20,0.00,-1.88,1.96
"TCS",2026,4,25.00,-0.20,0.40,5.38
"TCS",2027,1,24.00,-1.00,1.59,2.23
"Wipro",2022,1,18.80,NULL,NULL,NULL
"Wipro",2022,2,17.80,-1.00,5.47,7.75
"Wipro",2022,3,17.60,-0.20,4.66,3.28
"Wipro",2022,4,17.00,-0.60,4.95,2.69
"Wipro",2023,1,15.00,-2.00,6.35,3.20
"Wipro",2023,2,15.10,0.10,0.23,18.63
"Wipro",2023,3,16.30,1.20,-0.17,-9.04
"Wipro",2023,4,16.30,0.00,-0.70,-0.17
"Wipro",2024,1,16.00,-0.30,-2.79,-1.55
"Wipro",2024,2,16.10,0.10,-2.02,-1.38
"Wipro",2024,3,16.00,-0.10,-1.83,-1.38
"Wipro",2024,4,16.40,0.40,-2.57,0.01
"Wipro",2025,1,16.50,0.10,0.14,-1.10
"Wipro",2025,2,16.80,0.30,-0.21,1.53
"Wipro",2025,3,17.50,0.70,-0.49,0.08
"Wipro",2025,4,17.50,0.00,0.26,0.83
"Wipro",2026,1,17.30,-0.20,-0.05,-1.64
"Wipro",2026,2,17.20,-0.10,0.97,2.54
"Wipro",2026,3,17.60,0.40,2.77,3.78
"Wipro",2026,4,17.30,-0.30,0.06,2.89
"Wipro",2027,1,16.00,-1.30,0.37,1.00
