"fiscal_year","quarter_num","peers_included","tcs_decoupling_gap_pp","peer_avg_decoupling_gap_pp","tcs_relative_decoupling_gap_pp"
2022,1,0,NULL,NULL,NULL
2022,2,3,-0.66,0.22,-0.88
2022,3,3,-1.03,1.51,-2.55
2022,4,3,-2.83,-4.30,1.47
2023,1,3,1.90,-0.09,1.98
2023,2,3,3.21,7.55,-4.34
2023,3,3,5.64,0.78,4.86
2023,4,3,1.47,-0.91,2.37
2024,1,3,0.29,1.51,-1.22
2024,2,3,1.55,2.71,-1.16
2024,3,3,2.43,2.29,0.13
2024,4,3,1.37,0.31,1.06
2025,1,3,1.34,1.68,-0.34
2025,2,3,1.69,2.81,-1.13
2025,3,3,0.43,1.10,-0.67
2025,4,3,0.69,-0.51,1.20
2026,1,3,-2.45,0.70,-3.16
2026,2,3,6.95,2.65,4.29
2026,3,3,3.84,2.62,1.21
2026,4,3,4.98,2.44,2.53
2027,1,3,0.64,2.63,-1.99
