"fiscal_year","quarter_num","tcs_revenue_per_employee_inr","peer_avg_revenue_per_employee_inr","tcs_minus_peer_avg_inr"
2022,1,892059,1015893,-123834
2022,2,886377,1015973,-129596
2022,3,877670,1032330,-154659
2022,4,854296,989222,-134926
2023,1,870119,991056,-120937
2023,2,897624,1056443,-158819
2023,3,948395,1067920,-119525
2023,4,962305,1056997,-94692
2024,1,965046,1072993,-107947
2024,2,980188,1104093,-123904
2024,3,1004185,1131030,-126845
2024,4,1017994,1132351,-114357
2025,1,1031519,1154216,-122697
2025,2,1048743,1187799,-139057
2025,3,1053307,1201492,-148186
2025,4,1060546,1194314,-133768
2026,1,1034745,1204932,-170187
2026,2,1109008,1237760,-128752
2026,3,1152375,1272982,-120607
2026,4,1209507,1302916,-93409
2027,1,1217165,1340394,-123230
